2
2
4
11
13
3
0
0
0
2
8
0
10
8
5
0
34
26
3
9
39
16
0
23
28
32
30
35
4
42
19
43
31
36
11
11
34
10
13
35
32
1
0
51
2
1
2
9
41
3
2
7
1
2
1
3
0
0
2
1
1
6
1
3
4
0
3
1
0
2
0
2
1
0
3
3
6
1
0
0
20
0
0
0
96
1
0
0
0
1
0
9
1
36
157
0
0
0
0
5
2
0
0
0
2
2
0
0
11
1
0
0
1
0
0
0
2
2
28
0
3
28
0
0
7
0
1
2
0
1
1
0
2
89
108
88
86
85
5
53
54
0
52
53
57
53
68
104
52
103
99
54
164
1
269
105
424
324
103
222
218
0
104
4
17
102
0
0
0
4
0
5
0
11
0
170
0
20
20
50
0
0
0
0
0
0
1920
0
1960
10
90
0
0
0
0
0
0
0
0
0
0
0
0
5950
3910
1920
0
70
3860
1930
2020
0
0
10
0
0
0
0
0
0
0
0
0
0
0
0
10
0
0
100
1910
0
600
10
20
10
50
10
0
0
140
690
3930
0
0
0
0
0
0
2990
2510
930
3430
3970
3020
920
0
0
0
550
550
860
0
880
910
0
890
990
110
110
110
110
110
110
110
110
140
140
140
140
140
140
140
140
610
950
20
1060
3580
1040
10
1120
2790
6210
0
790
400
1960
4780
20
1090
190
160
210
0
7420
0
0
0
70
90
0
0
0
10
60
0
20
280
900
1000
1030
4810
0
20
40
30
0
750
0
0
0
990
0
10
20
130
0
0
0
0
0
0
0
0
0
1140
0
0
0
0
2970
20
70
220
0
0
0
90
50
